# Created by Octave 5.2.0, Tue Aug 04 11:09:47 2020 GMT <unknown@LAPTOP-IPNK6VFL>
# name: X
# type: matrix
# rows: 23
# columns: 4
 6 40 43 0
 3.5 75 30 1
 4.5 244 22 2
 4.5 80 61 3
 6.5 432 68 4
 10 116 55 5
 4.5 177 57 6
 4 139 81 0
 3.5 131 74 1
 6 110 35 2
 2.5 1462 36 3
 5 114 25 4
 3 83 21 5
 2 107 20 6
 2.5 85 41 0
 4 88 27 1
 6 258 26 2
 4.5 94 29 3
 3.5 145 37 4
 2.5 127 35 5
 4.5 104 35 6
 3.5 81 35 0
 4 127 44 1


# name: y1
# type: matrix
# rows: 23
# columns: 1
 1
 1
 1
 1
 1
 2
 1
 2
 3
 2
 1
 1
 1
 1
 3
 4
 3
 3
 1
 1
 1
 1
 5


# name: y2
# type: matrix
# rows: 23
# columns: 1
 6
 6
 6
 6
 6
 6
 2
 2
 2
 2
 6
 2
 2
 2
 2
 2
 6
 6
 2
 2
 2
 2
 2


# name: y3
# type: matrix
# rows: 23
# columns: 1
 2
 2
 2
 2
 2
 2
 2
 2
 2
 2
 2
 2
 2
 2
 2
 2
 2
 2
 2
 2
 2
 2
 2


